l <- list(1:5,100:200,1000:5000)
